-7.193379,-0.046286,-0.7985767722129822
-5.204445,-6.580834,-0.8500099778175354
-8.050583,4.514485,-0.32441437244415283
2.121142,-8.983786,-0.673168957233429
-4.568422,-8.091535,-0.7583981156349182
-8.087982,-0.02309,-0.9710160493850708
-1.850798,8.342516,0.7206276655197144
4.638984,4.261883,-0.2836533188819885
-0.292215,5.629023,0.9974636435508728
-6.585986,-8.562316,-0.11307984590530396
-0.177486,-0.814328,-0.42294663190841675
0.17424,-5.075968,-0.9916516542434692
1.084449,-2.088777,0.40736842155456543
7.262421,-5.676849,-0.7364184856414795
-1.907362,-2.530257,-0.4158022999763489
-8.640239,-1.917015,-0.17345276474952698
8.688124,6.514955,-0.9728217124938965
-8.885337,-6.040478,0.9824745059013367
0.392657,2.111032,0.8746044039726257
6.961628,-8.453731,-0.9040403366088867
-3.127195,7.986131,-0.5523081421852112
-4.023184,-3.113433,0.9547936916351318
7.99825,-7.417673,-0.6020400524139404
1.047068,-3.425429,-0.04326637461781502
8.754229,6.470146,-0.983513593673706
2.641963,-0.183,0.5293890833854675
-6.508725,-0.436433,-0.35644543170928955
0.041697,-8.956059,-0.32639530301094055
1.299336,6.014992,-0.07231150567531586
-5.637767,-7.866017,-0.9589228630065918
-7.078929,-2.062962,-0.9929999113082886
-5.134713,9.42645,-0.8454523682594299
-3.554737,-7.14655,0.4382319748401642
6.51845,4.857581,0.9778880476951599
-5.001391,-5.302675,-0.39502906799316406
4.168664,-5.559378,0.6761566996574402
-5.133284,5.064167,0.3706578314304352
-7.716232,8.266541,0.9314125776290894
-5.484405,1.669808,0.9712191224098206
-3.090983,1.413268,-0.47983530163764954
4.556379,5.130731,-0.09350716322660446
-0.622371,9.746926,0.6142386198043823
4.614182,-0.357233,-0.9776293039321899
-5.301448,6.92276,-0.043713852763175964
-9.531554,8.74753,-0.44747838377952576
8.973533,-5.356736,0.8334077596664429
-8.88907,-0.979381,-0.22209422290325165
7.989358,8.892759,-0.9846283197402954
-2.629034,-2.644434,0.32327741384506226
7.174824,3.226656,0.9400842785835266
-2.454995,-4.307641,0.6323375105857849
-1.238288,7.755206,0.9425792694091797
-3.347855,-6.263916,0.8084205389022827
5.066525,6.18468,0.6830893158912659
8.580901,-0.772376,0.8865029811859131
-4.003332,2.697781,0.003009163774549961
-4.420459,-7.62146,-0.5339452624320984
9.024425,2.996229,-0.525562584400177
8.088068,4.302694,-0.03287392854690552
1.989799,-9.137927,-0.7949306964874268
6.749547,-1.230337,0.07466388493776321
8.796901,-8.023108,-0.04010823369026184
-6.485656,-5.7251,-0.8986867070198059
-5.316812,-7.572182,-0.9919629096984863
0.179956,6.393579,0.7995210289955139
-8.827627,-8.201297,0.9036383032798767
-4.731105,-1.517083,0.8768054842948914
6.56516,-6.398953,-0.9831052422523499
-9.475005,6.325756,-0.9239453077316284
-4.11834,-5.325361,0.4526457190513611
-8.990033,-7.409912,0.938302755355835
0.84307,-7.66139,-0.9996917843818665
-4.737324,2.751438,0.6593257784843445
1.02251,-4.983411,-0.5343671441078186
-7.347982,7.33696,0.9552873969078064
-9.024069,-0.99983,-0.08236030489206314
-4.794197,1.116341,0.9628221988677979
-7.333882,-9.840262,0.8630903959274292
8.548851,2.154373,0.18902422487735748
4.592544,-6.519346,0.5844651460647583
-4.617398,-4.185675,0.327301025390625
-4.388697,-8.715282,-0.7705299854278564
3.956378,-9.12425,0.8684359192848206
-9.38079,0.790488,-0.2913220226764679
0.748974,-3.123381,-0.24277843534946442
2.718127,6.912175,-0.9788668155670166
-9.114329,2.42622,-0.8832454085350037
-8.504227,-1.097475,-0.5406534671783447
2.68061,9.933693,-0.4264664947986603
2.330167,1.437342,0.34656375646591187
2.058535,0.135266,0.8624047636985779
-9.094724,-8.470515,0.7000002861022949
6.266836,-7.916912,-0.5689367055892944
3.927088,-0.243829,-0.6502262949943542
-3.211969,3.307692,-0.8318845629692078
5.701789,7.458515,0.9754753112792969
2.384294,-5.56117,0.5762384533882141
4.960407,-6.553291,0.26399633288383484
0.384053,6.545677,0.6241052746772766
-8.151703,-2.203357,-0.5410833954811096
1.232686,-4.895868,-0.3199882507324219
5.191771,-4.779958,-0.5043858885765076
4.147545,4.393685,-0.6721339225769043
4.824127,8.614603,0.9588873386383057
7.397033,6.434721,-0.02048923633992672
-3.183054,-5.147514,0.9940469264984131
6.577907,-1.539357,-0.1940322369337082
5.061242,-1.908582,-0.9667316675186157
-1.1348,-7.853026,0.47318539023399353
-4.553959,9.356012,-0.9999872446060181
2.906673,7.065858,-0.9032911062240601
6.876174,-8.114597,-0.9134265184402466
-7.342342,-2.395629,-0.9686861634254456
-7.794419,-0.235598,-0.9998809695243835
-1.802743,-4.19538,-0.0034185899421572685
6.232251,5.661908,0.9837521314620972
5.69216,-8.652536,0.20221620798110962
1.943726,-0.603842,0.9837144017219543
-0.406902,9.634836,0.46322542428970337
2.042337,2.107986,0.4152911901473999
9.15683,5.790948,-0.9999895691871643
-1.034721,5.525298,0.6624135375022888
-6.864775,-3.024696,-0.9996511340141296
5.517135,6.667144,0.9770554900169373
8.982376,2.639748,-0.3874424993991852
-9.239466,5.859789,-0.8871128559112549
-4.388944,-9.672456,-0.9263472557067871
-4.40455,0.332066,0.9157044291496277
5.645964,-8.956426,0.3396523892879486
-1.908812,0.405561,-0.9782551527023315
-6.110837,3.847688,0.9849536418914795
-5.15963,-8.089413,-0.9928788542747498
-9.131028,6.088325,-0.7894232869148254
0.908811,-8.648579,-0.9628798365592957
-4.812102,-1.973488,0.746577262878418
7.302427,6.342249,0.1033659279346466
-8.01206,-6.838604,0.6918710470199585
-7.344691,-1.580347,-0.9999804496765137
-8.664014,8.822392,0.4145298898220062
6.10957,-3.357537,-0.946545422077179
-9.130241,4.345357,-0.9942905306816101
-6.38427,-1.741135,-0.609401524066925
-0.149119,6.261312,0.9629334211349487
-3.751101,-9.790401,-0.5516130328178406
6.663702,3.200491,0.9853244423866272
3.434165,-4.966634,0.9603782296180725
9.672329,-2.703369,0.5752894282341003
-5.175702,-1.999907,0.45368245244026184
2.013187,-8.825748,-0.7146586179733276
2.881759,0.513004,0.0963895246386528
-7.508933,7.655689,0.9360154867172241
8.427202,2.43972,0.21919487416744232
-7.851341,-8.339699,0.882509171962738
7.238711,-0.902705,0.6195630431175232
-6.445555,-3.693321,-0.9730228781700134
0.647573,-6.77194,-0.9980291128158569
-6.139744,-6.393689,-0.9489403963088989
3.35367,9.757443,0.1754620522260666
4.873485,-3.430216,-0.597212016582489
7.689057,-3.863864,0.17505879700183868
0.569305,-0.525222,0.39137163758277893
-9.441638,-1.865389,0.5733853578567505
4.683788,-5.234228,0.12359444797039032
-5.858993,-1.851671,-0.16446223855018616
8.929396,3.044507,-0.456195205450058
9.230782,-8.867769,0.12457318603992462
1.827121,-2.015271,0.9267398118972778
2.747279,3.921167,-0.7538043260574341
1.661562,-8.582251,-0.8773220181465149
-9.74557,4.710334,-0.9240540862083435
3.754813,-1.297455,-0.19889236986637115
-6.728299,-4.311713,-0.9697043299674988
7.359923,9.687152,-0.8514067530632019
6.961186,-8.937728,-0.8274918794631958
-6.95315,-7.297728,-0.14814196527004242
3.142795,0.949645,-0.29884663224220276
-9.332304,-5.125498,0.999495267868042
-9.138213,-5.507034,0.9945533871650696
-0.043476,-2.640055,-0.7731744647026062
-5.574293,-8.7475,-0.8753061890602112
-8.792083,-1.012282,-0.3055121898651123
-7.718077,-2.685983,-0.7524181008338928
0.611448,-9.354063,-0.7001089453697205
-7.290175,1.244976,-0.5734421014785767
9.601298,9.631615,0.1005951389670372
0.842262,1.000081,0.9170415997505188
1.854585,0.726404,0.8702876567840576
-0.659373,5.107781,0.8228930830955505
-4.223792,6.865777,-0.8926746845245361
3.838295,6.128521,-0.4742587208747864
3.191142,8.483008,-0.3818691670894623
2.851113,8.129141,-0.74763023853302
9.455224,7.735574,-0.6042599678039551
8.966123,7.338967,-0.9533611536026001
-0.261728,5.934583,0.9984036087989807
3.067156,-8.884497,0.2368604987859726
6.40626,-4.597761,-0.9735847115516663
-4.969041,9.805053,-0.9618256092071533
1.432583,9.293272,-0.9487101435661316
5.915521,2.154286,0.31273043155670166
-3.028449,-1.171158,0.25673985481262207
-4.866016,-6.926617,-0.7086910605430603
-6.781282,3.722802,0.6341494917869568
-0.402698,1.696974,0.13703303039073944
1.327905,-6.570288,-0.6914414763450623
-8.704377,6.651683,-0.2992396056652069
9.377817,-3.452481,0.9110895991325378
1.860138,-9.545064,-0.92389976978302
-2.871109,6.44184,-0.731560230255127
0.156229,-1.356808,-0.2721785604953766
6.826609,-8.315917,-0.8613789081573486
3.965882,-9.414514,0.8244045376777649
-6.067673,4.146723,0.999375581741333
4.506838,-9.195363,0.999958872795105
6.414339,5.16618,0.9791008830070496
5.491231,-1.667762,-0.9694110155105591
7.503982,-1.638349,0.6436777710914612
-6.939199,-8.86586,0.33019641041755676
3.701453,-8.126949,0.8977190852165222
5.42628,-9.099756,0.5743868947029114
-9.446264,-7.896172,0.5701403617858887
-8.004255,5.128823,-0.08839944005012512
-6.20729,7.402397,0.651409924030304
5.908049,-3.063862,-0.9758095145225525
-6.965143,-1.007582,-0.84291672706604
-9.694454,2.652596,-0.5435584783554077
9.401706,0.877425,-0.25342658162117004
6.992384,-7.784437,-0.9804878234863281
3.776062,1.561424,-0.9050453305244446
-5.317945,7.839358,-0.3136102855205536
-8.089538,4.328432,-0.41557011008262634
-8.473769,3.22873,-0.917936384677887
-6.270628,-0.817732,-0.2452084720134735
-5.359901,6.794161,0.055631123483181
5.457526,-1.471068,-0.9619125127792358
-0.957981,-8.93332,0.613079309463501
-5.824413,1.854755,0.8670046329498291
-8.377536,1.19719,-0.9898673295974731
-9.132828,8.285026,-0.2108430564403534
8.126831,6.337034,-0.6587781310081482
-0.637977,2.699008,0.2193458080291748
-9.425676,1.041281,-0.32456526160240173
-2.204645,-8.368821,0.987835705280304
0.999897,1.959081,0.9986119270324707
8.444847,8.314459,-0.9954102039337158
7.927832,-2.997493,0.6369344592094421
-7.371511,-9.767395,0.8702905178070068
8.121143,-9.39665,-0.914021372795105
7.875353,0.398766,0.9890233278274536
-0.887837,8.953075,0.9244449138641357
0.362104,4.263305,0.9890148639678955
1.021393,2.548692,0.9659074544906616
-0.808175,3.195057,0.20732834935188293
9.311031,-5.81256,0.9237085580825806
1.419135,-6.360758,-0.5692201852798462
9.149733,5.874722,-0.9997086524963379
6.567665,9.223464,-0.07872535288333893
-5.253462,-5.951583,-0.7609164118766785
-1.122469,0.708963,-0.7813331484794617
4.924054,8.705435,0.9874016642570496
-6.351246,-0.622738,-0.26314839720726013
-2.122966,3.924511,-0.7667451500892639
3.875598,3.347273,-0.973966658115387
6.829253,-8.606784,-0.8122718334197998
1.49755,2.554235,0.7386087775230408
8.570264,0.088961,0.735359251499176
-2.776402,-0.881142,-0.08461327105760574
-2.014119,-4.402468,0.27046436071395874
2.251497,4.853012,-0.6088943481445312
-2.441898,3.209484,-0.9886949062347412
-3.462317,-3.739816,0.9982213973999023
9.563659,-3.391502,0.8079519271850586
8.916735,-1.23085,0.7832241058349609
9.470396,-0.465518,0.10238126665353775
8.641809,7.342967,-0.9998651146888733
-0.357099,-2.199704,-0.8710257411003113
-4.819169,-4.713107,-0.03620423004031181
3.838344,-3.588217,0.43083107471466064
9.937218,-9.53163,0.5810518860816956
-0.814442,-2.333839,-0.9999092817306519
-3.21718,1.870585,-0.49673977494239807
1.167432,-9.349905,-0.9718258380889893
-6.380312,-4.555906,-0.9997243285179138
-3.373465,9.376142,-0.3792138397693634
-1.599231,-9.365098,0.9912803173065186
-6.346527,5.53353,0.9919160008430481
9.970985,8.843706,0.21789143979549408
-2.602586,9.49431,0.4073466360569
-0.864708,-2.631827,-0.9913468956947327
-0.171888,-2.808536,-0.8752114772796631
-0.198001,6.319292,0.9706937074661255
-8.55769,-3.462307,0.23284174501895905
-2.222197,3.165958,-0.9371746778488159
-2.317061,-4.971794,0.687498927116394
6.484377,5.549807,0.9222429394721985
4.437386,1.008754,-0.9989379048347473
2.680441,-9.847178,-0.4385758340358734
1.43915,6.295853,-0.297038197517395
2.194841,-3.647457,0.8592590093612671
3.542403,2.880197,-0.9681180119514465
5.942809,2.561017,0.45717906951904297
-3.182664,-3.803555,0.9495444893836975
8.726637,6.684659,-0.9900556802749634
1.163916,2.59979,0.9128202199935913
-4.000252,-5.793802,0.42477115988731384
4.296102,-2.112526,-0.4636155962944031
0.787498,-1.353667,0.3491017818450928
-9.283314,-4.749439,0.9799736142158508
-9.936051,1.901852,-0.09396591037511826
5.146269,5.539451,0.5861877799034119
9.280104,-5.731196,0.9217705726623535
2.770572,-4.926841,0.9328736066818237
1.083616,-0.942836,0.7057647109031677
-8.215678,-3.526205,-0.08656523376703262
-4.532459,-5.485828,0.0045331004075706005
7.11738,3.652631,0.9105983972549438
-2.218452,-9.059856,0.9249451756477356
-7.773128,4.546062,-0.042873285710811615
-2.28149,-6.318495,0.9132276773452759
-6.718284,6.966041,0.9777244925498962
4.976607,-8.15898,0.6904202699661255
-7.467601,2.488526,-0.38230836391448975
6.106134,-9.246902,-0.021159349009394646
9.31513,6.975909,-0.8576794266700745
6.634929,8.988678,-0.07127627730369568
-4.089695,-6.757303,0.0425613708794117
-3.679001,-8.803868,-0.1968795657157898
-8.860263,8.07084,-0.008049575611948967
9.965355,-3.111392,0.43479445576667786
0.121472,-2.037999,-0.5031528472900391
0.097559,-9.072246,-0.3441808521747589
0.61125,-5.493447,-0.9075314402580261
-3.110838,6.433418,-0.8738267421722412
-3.041199,-5.078257,0.9985026717185974
-5.972524,-4.960772,-0.9546261429786682
4.971592,-4.739371,-0.31590536236763
-8.499067,3.196202,-0.9314942955970764
8.783497,-9.97141,-0.6238712072372437
3.007732,9.221461,-0.3336484432220459
-1.443016,-1.965581,-0.8785952925682068
1.785848,7.946194,-0.9221521615982056
3.8076,3.329688,-0.9879986047744751
3.78742,-5.676041,0.9171671271324158
-9.446042,7.4203,-0.7179842591285706
-4.965397,-2.28477,0.5567959547042847
5.461692,7.713881,0.9980089068412781
9.34378,5.663344,-0.9886356592178345
3.789985,7.240638,-0.1873207986354828
6.222666,-0.000973,-0.06079195812344551
-2.834223,-9.991986,0.2652028799057007
-0.989334,-6.407604,-0.11241669952869415
7.7734,7.404009,-0.6483315229415894
6.808907,4.680169,0.9027530550956726
7.106337,1.735826,0.9810256361961365
-2.216306,-8.885488,0.9453091025352478
-6.082736,-1.031765,-0.1276228129863739
6.017969,6.222809,0.9895392656326294
-1.397029,-1.371936,-0.9656317234039307
-4.38052,6.90388,-0.8184142708778381
3.619575,-5.583897,0.9634048342704773
-3.830136,5.298504,-0.8404009938240051
0.568285,-7.41738,-0.9754713773727417
-0.702005,2.176831,-0.009098106063902378
-8.318049,5.306245,-0.33898136019706726
5.827472,-4.4385,-0.9560033082962036
-0.267647,8.463243,0.6558483839035034
-7.285682,-7.768511,0.3275395631790161
-3.702531,-3.4837,0.9950997233390808
-7.557521,-2.90161,-0.8097033500671387
-3.017354,2.264926,-0.7480950951576233
0.780347,6.917603,0.1586313545703888
1.110554,9.845458,-0.8925045728683472
-5.831274,-0.912157,0.1608607918024063
-3.916744,-7.962752,-0.1673894077539444
3.764795,-0.821043,-0.3540109395980835
-8.975883,-1.691232,0.08932116627693176
9.593701,3.348526,-0.9440798759460449
-2.757481,9.679042,0.3178427815437317
-6.443002,9.742234,0.1990222930908203
9.92513,9.656023,0.4190208911895752
-9.616758,3.791876,-0.849486231803894
-1.920033,6.45969,0.13572987914085388
-4.58935,1.502806,0.8245462775230408
-3.297567,5.509132,-0.9996398091316223
-2.493378,-1.477405,-0.1770046353340149
9.271933,4.525775,-0.9602099657058716
-7.202076,-1.180603,-0.9621237516403198
2.620905,-2.594765,0.9749791026115417
5.732603,8.013651,0.9091967344284058
-5.786451,-0.768106,0.24957232177257538
8.326825,-0.161043,0.9124428629875183
-4.706633,5.258194,-0.10848080366849899
9.916982,5.172131,-0.8431141972541809
0.054727,-3.655533,-0.8951935768127441
-6.680519,-4.061063,-0.9929024577140808
-2.12096,-7.806336,0.9943241477012634
7.071666,4.618249,0.7726961374282837
-7.468598,1.983949,-0.5260096788406372
2.526863,-8.711078,-0.24348661303520203
-9.690949,-1.118325,0.582780122756958
-1.873326,1.748302,-0.9679220914840698
4.941071,4.199972,-0.005221645347774029
-0.662016,6.019055,0.9502098560333252
-1.436352,5.669411,0.36000901460647583
0.496506,-8.081886,-0.8750573396682739
3.46218,-9.61834,0.38994100689888
-1.147064,0.990375,-0.73915696144104
-0.712825,-2.890106,-0.9980799555778503
-0.264887,-1.0314,-0.55901038646698
6.109877,4.623002,0.9630855917930603
-8.887535,-2.34762,0.20848700404167175
7.636648,2.687691,0.8031784296035767
-1.830298,-9.953939,0.9592822194099426
-2.383721,3.804118,-0.921852171421051
0.572837,5.541909,0.7206304669380188
-5.315991,5.346724,0.45509886741638184
1.333513,0.793262,0.9998841881752014
-5.925961,-3.221712,-0.6196356415748596
-1.903037,5.645077,-0.1059538796544075
1.173844,-9.47766,-0.9631837606430054
-0.968963,-9.353368,0.7205808162689209
-5.67443,-8.529141,-0.8600861430168152
-7.179688,7.745828,0.9999985098838806
5.786447,-3.564833,-0.9981605410575867
-1.44035,2.155632,-0.6846993565559387
7.266238,3.185762,0.9104951024055481
-0.676958,-1.704538,-0.9389375448226929
9.721961,0.48641,-0.43677642941474915
8.294203,7.167457,-0.913129985332489
1.66398,-2.200642,0.821190357208252
-0.872993,-0.529452,-0.8631740808486938
-0.227346,2.529451,0.5461850762367249
-5.008256,9.435764,-0.9073066711425781
2.242703,7.155527,-0.9816224575042725
6.777726,5.080556,0.8572271466255188
-2.362258,-7.918766,0.9855017066001892
-4.407075,1.255351,0.7616733908653259
4.111921,8.906552,0.6160978078842163
2.894527,-9.38523,-0.09275104105472565
8.815376,-6.987009,0.3033026456832886
1.700249,-9.198811,-0.9417590498924255
5.112238,7.588681,0.9472695589065552
4.755669,-0.650779,-0.9866034388542175
4.980678,-4.211763,-0.4780556261539459
-7.743851,9.251797,0.9962591528892517
-5.149358,9.17437,-0.7910524606704712
-7.272319,6.621412,0.8994578123092651
-9.947607,-8.871452,-0.20367200672626495
-1.312764,9.02672,0.9999473094940186
5.198443,0.346689,-0.8273582458496094
-0.128524,-5.184317,-0.9784568548202515
4.162029,-4.477842,0.39393144845962524
-9.606795,8.731927,-0.5176923274993896
-1.451881,1.701134,-0.789745032787323
2.065923,0.291214,0.8321499824523926
-7.911589,5.346139,0.07325929403305054
-9.044118,-6.244446,0.9993444085121155
2.81759,-5.352398,0.8974123001098633
-1.773704,7.290032,0.5199437737464905
-3.599614,-1.842223,0.8646328449249268
-5.847395,-0.176874,0.3704465329647064
-6.173879,-1.091045,-0.23574426770210266
5.080797,-1.725951,-0.9836679697036743
3.037532,-9.24563,0.09441573172807693
-7.772922,2.506058,-0.6381041407585144
-1.882544,-9.158245,0.9963629245758057
-3.790579,-5.387937,0.7015519142150879
-3.422632,0.343624,0.17081868648529053
6.312509,-6.398431,-0.9062100648880005
-0.147401,6.679371,0.9179509282112122
-4.117409,9.182778,-0.9300100207328796
-4.991167,-2.580585,0.4534147381782532
4.858375,-7.103043,0.5177220702171326
5.653778,-9.486988,0.4860958158969879
-7.481077,4.46193,0.22055581212043762
-7.087352,-1.823839,-0.9827362895011902
6.770901,6.101073,0.6532320976257324
-7.333805,-3.783321,-0.7749932408332825
6.824639,-1.87068,-0.05397586524486542
5.935871,-5.064969,-0.9253844618797302
-5.335408,4.342435,0.7253727316856384
4.158751,1.354526,-0.9925088286399841
-9.817462,-0.142089,0.424049437046051
0.830191,0.611004,0.8545478582382202
1.723024,-7.062834,-0.5013390183448792
-5.685414,6.477599,0.4634968638420105
-1.814051,-2.104175,-0.6113472580909729
3.836715,-5.110493,0.8025743365287781
9.789488,-0.266556,-0.27622342109680176
7.391275,-9.188008,-0.9699557423591614
-1.754548,2.593695,-0.8009912967681885
9.538985,5.128317,-0.9845861196517944
5.616301,5.75392,0.9186483025550842
-3.271018,-4.788175,0.9965779781341553
7.451957,5.286426,0.28604722023010254
-9.039549,2.772208,-0.9544021487236023
8.783832,8.320792,-0.9060899615287781
-4.804157,-6.220069,-0.4801984131336212
5.396501,3.657763,0.2740657329559326
3.379313,0.621011,-0.4217680096626282
-0.556596,-1.647803,-0.8824794292449951
4.585364,-7.808113,0.863227367401123
-1.455918,-3.350544,-0.5803540945053101
-9.295161,-9.928583,0.11061647534370422
8.590717,-7.877738,-0.19869841635227203
9.155468,-9.052517,-0.00922267884016037
3.677495,0.514762,-0.6440312266349792
-5.727274,6.415857,0.5170925855636597
-7.541201,-7.073641,0.35978037118911743
-9.811509,-4.301878,0.9828874468803406
0.591514,7.945821,0.020844055339694023
-5.846194,0.390488,0.5322767496109009
-5.054084,-6.967386,-0.8353044390678406
-2.752924,6.615285,-0.6029657125473022
6.728161,-6.797374,-0.9890827536582947
4.631414,-9.808008,0.9981175661087036
-2.604832,-0.8127,-0.27450063824653625
-6.223866,-8.608649,-0.44456925988197327
-2.103848,-8.823682,0.9800419807434082
-4.200711,-6.030917,0.1620560735464096
6.804073,2.011639,0.9172865152359009
-1.171804,6.605617,0.8021154403686523
-1.640974,0.194853,-0.9999667406082153
-7.143606,-2.558245,-0.994603157043457
-5.726991,-3.418768,-0.5072869062423706
-7.936836,2.277116,-0.800915002822876
2.435427,-9.653768,-0.5951582789421082
-8.182346,-3.990844,0.027889473363757133
-4.168641,4.948145,-0.5209769010543823
-1.753678,8.864913,0.8762921094894409
-8.356786,-5.895043,0.7232233285903931
-1.183123,-8.382786,0.6517230272293091
4.36456,0.377309,-0.9741818904876709
5.081207,4.215416,0.13937506079673767
-3.239363,-5.529868,0.959044873714447
5.641214,7.600391,0.9787521362304688
-7.805582,9.630577,0.999616801738739
-3.870759,9.585724,-0.7308239936828613
-8.782984,-5.913772,0.9459844827651978
1.955071,-1.153827,0.9998555183410645
-3.335246,3.292182,-0.754098653793335
-7.066097,-6.661974,-0.23586595058441162
-5.831387,6.897068,0.47449445724487305
-0.174003,-1.176142,-0.5213059782981873
6.739663,3.060846,0.9902130365371704
1.096158,-0.519004,0.8021898865699768
9.333844,0.420531,-0.04291267693042755
-7.823867,-8.616066,0.9093289375305176
-6.740373,0.536165,-0.28261691331863403
4.252081,7.994776,0.4914131760597229
-4.361253,-7.592102,-0.4747753143310547
-2.122405,-9.061752,0.9569586515426636
3.654137,4.694069,-0.9064834713935852
-2.675992,-0.724807,-0.2327335923910141
-0.968429,-4.72068,-0.6213970184326172
7.755592,-7.226836,-0.7365578413009644
-2.438137,-7.045769,0.999503493309021
-3.066004,-8.32477,0.5373780131340027
5.882454,-5.626639,-0.8133262395858765
-3.073154,6.344371,-0.8692474365234375
7.547599,-1.601516,0.6850228309631348
-3.682426,8.916058,-0.7475440502166748
-3.65933,-1.441598,0.8286053538322449
-7.871462,-2.383087,-0.7136926651000977
6.550719,3.692989,0.991851270198822
8.775373,3.595991,-0.47523799538612366
-7.467454,-3.625639,-0.7196148037910461
-6.164008,8.030763,0.4494453966617584
-6.994092,-3.266586,-0.9838621616363525
9.971114,4.517424,-0.9157279133796692
5.147537,-0.86271,-0.9871412515640259
2.276865,3.876352,-0.36082595586776733
0.606396,-4.739284,-0.7846707701683044
-8.526263,0.974719,-0.9351837038993835
-5.125343,3.318846,0.8000199198722839
-4.528875,1.998183,0.6825461387634277
2.845743,4.264032,-0.8730554580688477
-6.384362,-3.796871,-0.9661226272583008
3.595728,6.734595,-0.5173652172088623
2.397923,6.494794,-0.9696236252784729
-9.62889,3.093573,-0.7037075757980347
-4.907451,-5.439724,-0.34832504391670227
1.887567,6.731602,-0.7762590646743774
9.344829,-3.469208,0.9262100458145142
-7.579044,-0.898482,-0.9999388456344604
2.70198,6.798997,-0.9881992936134338
-1.615779,2.954826,-0.6250758767127991
6.897841,5.002503,0.8043562769889832
-0.525368,2.700735,0.3281105160713196
9.841306,-1.673809,0.11600066721439362
1.257963,6.946648,-0.3217308223247528
6.328585,-9.28643,-0.22898034751415253
7.692538,-3.958272,0.14884053170681
4.104464,6.83961,-0.00160581199452281
8.818001,-6.22482,0.52557772397995
1.32907,-7.317534,-0.8415646553039551
1.727147,2.179047,0.6600110530853271
5.982403,5.769374,0.9993829727172852
2.722235,-3.593446,0.9999710321426392
3.761997,8.623271,0.22182334959506989
-4.198236,-6.214092,0.10673875361680984
7.282191,-8.401483,-0.9945476651191711
-0.867521,0.609537,-0.6237250566482544
-2.469466,-8.29383,0.9221921563148499
3.493531,5.534634,-0.856229305267334
-2.844668,-6.295135,0.990755021572113
-9.233862,-5.293869,0.9970660209655762
4.35673,2.385986,-0.9195652008056641
-2.190972,9.442902,0.7275861501693726
-1.147769,-6.553449,0.09207335114479065
-9.855034,-7.560951,0.2999228835105896
-4.212894,-0.728075,0.9643707871437073
-3.545532,2.673358,-0.4322774410247803
-0.26078,9.10628,0.48271644115448
7.576285,3.080891,0.7629181742668152
-4.956288,1.517067,0.9715755581855774
-2.753157,9.325261,0.2135094553232193
3.230526,1.958421,-0.6535899043083191
-9.440045,-0.301555,0.11102629452943802
-9.895447,-4.310101,0.9632836580276489
-5.374864,-0.48266,0.6850597262382507
2.640114,-9.040384,-0.23530222475528717
8.196105,-4.536766,0.45183587074279785
-3.157999,1.701387,-0.5013530850410461
4.735249,-8.092417,0.8317429423332214
3.132246,-6.077916,0.9311613440513611
5.793571,1.30306,-0.07476767152547836
-5.803529,-3.341238,-0.5512757301330566
-8.49225,4.347302,-0.7347350716590881
-7.960929,-1.652084,-0.8063614964485168
-9.1136,-8.776137,0.6125158071517944
9.798042,0.059732,-0.3822941184043884
-1.797803,-2.359233,-0.5587040781974792
8.122939,9.714877,-0.9759615063667297
4.714099,-1.76487,-0.8472201824188232
-7.164989,1.743318,-0.32109764218330383
3.664773,-3.919814,0.6627874374389648
-1.239431,-0.185154,-0.96312016248703
2.829352,3.755971,-0.772851288318634
-3.188698,-2.547367,0.7565083503723145
0.090339,-3.039998,-0.7690300345420837
8.392315,8.011457,-0.9985887408256531
-6.009989,4.33118,0.9967166185379028
-1.853813,3.20341,-0.7407163381576538
3.864726,-3.869796,0.48700815439224243
-3.840695,-7.136157,0.17014935612678528
0.415624,-2.497339,-0.3702737092971802
0.233522,-1.520105,-0.24773572385311127
-9.001164,0.303172,-0.4969806671142578
-0.957813,2.625586,-0.12176015228033066
-2.080802,-5.977483,0.7459107041358948
4.319978,8.466472,0.668175995349884
-3.748269,-4.687524,0.863834023475647
-9.642346,-1.509537,0.6427392959594727
9.468424,5.304925,-0.986993670463562
3.759895,4.906975,-0.8199660181999207
-1.862893,8.299395,0.7024871706962585
4.079116,-3.574582,0.19896486401557922
-1.759387,-1.257725,-0.8315316438674927
-2.077484,-8.177865,0.9994941353797913
0.60181,6.13819,0.5529797077178955
-0.040159,-7.546469,-0.6436959505081177
-5.436475,7.227551,-0.005718589294701815
6.685091,-7.35001,-0.9334515929222107
-7.887953,-8.875727,0.9603922367095947
-2.257285,-3.677115,0.2822652757167816
8.95211,-4.633794,0.929827094078064
-9.70786,1.325006,-0.13823634386062622
0.299221,7.023293,0.5702318549156189
-7.45287,3.678769,0.0013039744226261973
-3.837908,9.361357,-0.756598711013794
-8.976642,1.02038,-0.6982378363609314
-6.299647,0.19007,0.04402531683444977
7.438381,4.165682,0.6134481430053711
3.018592,-3.421304,0.936332643032074
7.549819,9.064754,-0.8470667600631714
4.064458,3.17685,-0.9347321391105652
9.969957,6.645702,-0.46268418431282043
-2.539054,2.446489,-0.9820955395698547
9.94813,-3.56423,0.5738321542739868
5.535827,6.841326,0.990147054195404
-1.763642,-9.742329,0.9884198307991028
-7.944434,0.876043,-0.9823050498962402
3.368724,-6.532078,0.9606961607933044
-7.307856,-0.486329,-0.9244055151939392
-3.771775,8.780547,-0.8287330269813538
-6.29972,-8.252924,-0.47773152589797974
8.683452,8.086031,-0.9659410715103149
8.804437,-7.121459,0.2516850233078003
-2.004123,8.33641,0.6047394275665283
8.983483,9.644439,-0.490764319896698
-7.154234,4.120058,0.4263073205947876
4.257677,-3.864284,0.11370893567800522
-1.964976,1.364959,-0.9991880655288696
-2.333695,8.732313,0.4312579929828644
2.075713,-5.666004,0.2688200771808624
-5.947677,-7.109498,-0.9370474815368652
6.294915,5.483221,0.9826968908309937
-5.735519,4.977844,0.846528172492981
9.705225,-3.687835,0.7792240977287292
3.606005,8.081372,-0.10460784286260605
3.111643,-7.733303,0.6052312850952148
-3.192565,-9.671164,0.01219320297241211
5.961698,-1.780432,-0.7759478092193604
-2.152865,-7.072493,0.9528568983078003
6.325672,-7.259412,-0.7664765119552612
0.305447,-6.999928,-0.9387184977531433
-1.366799,6.891781,0.7358512878417969
7.548047,6.477253,-0.18398821353912354
-8.737443,1.25863,-0.8856860995292664
1.26394,0.797149,0.9985896944999695
-9.552351,6.353074,-0.9480087161064148
2.164409,2.872239,0.06288016587495804
-1.797007,8.068621,0.69707852602005
-5.411274,-5.435167,-0.7566381096839905
4.225491,5.854708,-0.19286639988422394
-7.584985,3.634631,-0.14435432851314545
8.964268,-1.67764,0.8384971022605896
7.776929,-2.865641,0.5493463277816772
-7.31795,-7.777818,0.3606157600879669
-2.879654,-5.896377,0.9990260004997253
-4.558155,-3.517569,0.569052517414093
-9.83229,-3.47861,0.998431921005249
6.679537,-9.447479,-0.506152868270874
6.220994,2.453712,0.6585191488265991
-4.882367,-4.453108,-0.01664912886917591
-4.277437,3.710544,-0.04524274915456772
-8.5655,7.206935,0.011723551899194717
2.434081,8.279365,-0.9369159936904907
-0.932111,-2.732863,-0.9733893871307373
8.337244,4.41694,-0.3130677044391632
-2.66639,7.572068,-0.25333476066589355
0.093555,3.535381,0.9387213587760925
-1.787028,4.256232,-0.41889438033103943
6.644683,5.148021,0.9092292785644531
-7.200375,-1.627643,-0.9908323287963867
1.445876,-9.758164,-0.996002197265625
0.047212,1.490651,0.498355507850647
7.297301,5.103846,0.48194435238838196
2.422291,-8.693657,-0.3381832540035248
-6.922736,6.334528,0.9812401533126831
-4.155185,-3.19601,0.8960002064704895
8.232692,-4.97146,0.35885581374168396
6.165447,-1.34431,-0.5189695954322815
-2.295621,5.774797,-0.4416581392288208
-6.868668,9.956725,0.5292798280715942
-0.407539,1.223747,-0.01800728775560856
8.555493,6.926565,-0.9724474549293518
-6.490697,8.312926,0.6465228796005249
1.634025,-4.547923,0.18529897928237915
-3.000274,6.808705,-0.7399498820304871
-5.932041,-2.097079,-0.3111252784729004
8.799905,2.850233,-0.27864596247673035
-7.523203,8.185592,0.979008138179779
-2.758985,6.082104,-0.7331832647323608
3.756607,-1.104787,-0.2603163719177246
8.619669,7.424867,-0.9999219179153442
4.175719,8.138851,0.464624285697937
3.915925,-4.940293,0.716109037399292
-0.97363,4.455252,0.43002527952194214
-0.932114,3.274284,0.10990047454833984
1.505201,5.442618,-0.09589964151382446
-5.808636,7.893275,0.15392173826694489
-9.697185,4.489567,-0.9154669046401978
3.998271,-4.146987,0.44694608449935913
-9.158782,-2.4936,0.5035833716392517
6.317745,-2.515527,-0.6933714747428894
9.3124,5.63462,-0.9939141869544983
-3.622213,-5.246685,0.8365198969841003
7.548646,8.254665,-0.682669460773468
-3.79403,-5.667969,0.6326610445976257
-7.064834,0.678887,-0.535882294178009
4.200667,-7.43239,0.9653363823890686
-1.235039,-1.785896,-0.973044753074646
0.20923,-8.879436,-0.5007029175758362
3.495767,2.115647,-0.856063961982727
7.770547,6.130511,-0.29281607270240784
4.006091,-2.497176,-0.06956660747528076
6.40787,-5.835526,-0.9869027137756348
-7.931513,-1.41104,-0.8644809722900391
7.336074,9.692061,-0.8395069241523743
2.569968,8.37589,-0.8659710884094238
2.547108,-5.256992,0.7667451500892639
-5.122196,5.218861,0.31398603320121765
8.133256,-6.701565,-0.27933675050735474
-1.169352,-7.337512,0.3554186522960663
-2.477727,-5.186939,0.8344798684120178
-3.422101,-6.16342,0.7828333973884583
-2.694411,-3.392187,0.5912314653396606
-0.260037,-4.538746,-0.9910396337509155
0.66748,3.840845,0.949467122554779
-0.032065,-9.579477,-0.0602489709854126
-1.755235,5.184221,-0.10485318303108215
-1.198306,9.68412,0.9512758255004883
4.689369,-2.275679,-0.733464777469635
-6.35074,-2.771651,-0.8132981657981873
1.836543,-4.517363,0.3881484568119049
3.842496,-7.083521,0.9998564124107361
6.174818,2.453635,0.6230602264404297
-3.673974,7.601441,-0.9503504633903503
6.584828,3.301894,0.9763041734695435
-4.240263,-2.253549,0.970088541507721
-8.49363,-6.821447,0.9458446502685547
1.279617,7.891014,-0.6050367951393127
-5.060197,1.407173,0.994993269443512
4.14297,9.341925,0.7402296662330627
-9.269755,-9.745451,0.1933177262544632
7.350609,0.513219,0.9427512288093567
6.311943,2.334778,0.697527289390564
-7.820499,-2.017244,-0.8204345107078552
4.400157,-1.078217,-0.7927802205085754
9.062915,-2.07672,0.8536239862442017
-4.949354,-1.441954,0.7674428224563599
4.290109,-5.141631,0.46896225214004517
-5.812377,9.538645,-0.3573794662952423
3.791906,1.341396,-0.8806788325309753
7.314942,-0.08718,0.8436287045478821
7.096131,-6.585697,-0.9589701294898987
-3.419284,-6.529544,0.7071665525436401
-7.878513,3.343249,-0.5065149664878845
6.071915,3.337335,0.7519642114639282
6.555459,3.345574,0.9728408455848694
9.204795,-1.722811,0.6949645280838013
-3.759895,-4.874986,0.8257519602775574
-4.185923,-2.415633,0.9707517027854919
8.636652,0.773812,0.5156908631324768
-5.273563,4.157023,0.7234238982200623
6.449576,7.443501,0.5694705843925476
1.110353,6.158981,0.07071611285209656
0.507019,-2.046698,-0.14396323263645172
1.332835,1.934161,0.9295148253440857
9.568149,4.997191,-0.9867075681686401
0.36299,-9.822804,-0.3689573109149933
2.895308,8.425301,-0.648810863494873
-1.141947,-4.823858,-0.44767534732818604
-4.330743,-0.237049,0.9534886479377747
-6.153647,8.276429,0.36867669224739075
9.222051,-3.106396,0.9289341568946838
-3.563667,-7.477689,0.3328234553337097
5.858113,-1.960337,-0.8669587969779968
9.404458,-8.504664,0.40241536498069763
-8.274815,3.652073,-0.7373496294021606
6.024475,4.076585,0.8618502616882324
-2.829042,4.47636,-0.986150324344635
1.091613,-0.069871,0.876899003982544
2.984353,-6.458787,0.8006966710090637
4.558753,-2.318284,-0.6281923055648804
1.296593,4.027448,0.5337452292442322
6.556014,8.195261,0.2572079300880432
-2.062661,-3.670921,0.0894390121102333
-8.586867,3.47036,-0.9316878914833069
-6.006904,-1.613498,-0.23508989810943604
9.906964,-3.932586,0.6958438158035278
1.429217,-3.446299,0.32614803314208984
-5.560618,5.174598,0.6974976658821106
-0.103173,-9.316104,-0.0729469358921051
2.981284,-7.362282,0.5954268574714661
-1.136058,8.672154,0.9985650181770325
-9.922896,6.512974,-0.9999910593032837
-0.763268,4.632437,0.6528058052062988
-2.794588,-8.835397,0.6258361339569092
-9.903494,3.163951,-0.5041525363922119
-4.060386,3.596207,-0.22399784624576569
-0.930843,2.998262,0.0235312320291996
-1.93786,4.112739,-0.588121771812439
4.658215,-8.233155,0.8930470943450928
3.043592,6.218368,-0.9521592855453491
9.667736,-6.16755,0.9888549447059631
-7.940319,0.979236,-0.9747130870819092
1.935386,-2.631305,0.8902143836021423
3.058381,5.932541,-0.9726589322090149
-9.159665,0.370641,-0.37379002571105957
7.40539,9.283099,-0.8049044609069824
8.942719,3.1987,-0.510803759098053
0.981588,-0.200821,0.794184684753418
9.878427,6.619515,-0.548766016960144
-8.570715,4.006965,-0.8479326963424683
4.278552,3.424659,-0.7922762632369995
-2.100144,-3.364942,0.02964118868112564
-5.362464,-8.177566,-0.9937922954559326
3.938157,-0.032486,-0.7076902985572815
2.703488,-9.251459,-0.23900671303272247
-0.519752,-6.689791,-0.4727543890476227
-0.801667,2.4683,-0.01598200760781765
-6.987505,5.717657,0.8982042670249939
6.310582,0.728694,0.2564495801925659
-8.904261,4.060048,-0.970842719078064
3.559651,-2.783093,0.45094847679138184
-7.735385,3.625679,-0.2937142848968506
-3.891757,4.989245,-0.7432810068130493
8.039046,7.776075,-0.8863816261291504
-2.493623,6.14653,-0.5116651654243469
-3.162444,-5.370188,0.9873164892196655
-6.731393,8.206295,0.8291893005371094
-4.572262,4.460271,0.010920633561909199
-8.719521,-2.21322,-0.0007676839013583958
-6.53743,-4.862739,-0.9733677506446838
2.341353,-9.109543,-0.5297489762306213
4.349453,3.422473,-0.7475231885910034
-5.792797,-7.680657,-0.9273066520690918
-7.419705,0.025898,-0.9036753177642822
-9.637964,3.478209,-0.779559314250946
0.452932,-9.561889,-0.5234381556510925
-6.952442,-4.298101,-0.8931081891059875
2.931726,-2.665995,0.8716109991073608
-2.63072,8.110022,-0.04919997602701187
5.01865,-7.21934,0.4086093008518219
-3.085758,1.593462,-0.5337674021720886
8.332072,-6.082136,0.11264320462942123
-1.759927,8.045552,0.7180883884429932
-6.013239,5.872179,0.8428049683570862
-6.375209,0.58156,0.09295833855867386
9.720634,-3.700378,0.7720182538032532
7.955473,-2.222935,0.8218812346458435
4.675056,-3.750527,-0.33314159512519836
-5.521253,-0.591203,0.5427824258804321
-7.019111,-6.770172,-0.24803777039051056
-8.554951,-5.494659,0.770214319229126
-3.881936,8.968919,-0.8557717204093933
-3.247236,0.411881,-0.025459788739681244
-2.230798,-1.237387,-0.4942067861557007
5.482533,-4.208798,-0.8421393632888794
-1.634464,4.701478,-0.13750019669532776
2.08548,-8.573348,-0.6000001430511475
6.538991,0.567741,0.4227912127971649
-8.560663,-5.875042,0.8446810841560364
-9.216016,-0.832883,0.056322816759347916
-1.025583,6.128863,0.7987979650497437
-6.861302,2.674064,0.2696835994720459
2.372454,4.207832,-0.5398472547531128
4.132936,-8.200589,0.9988391399383545
9.872091,2.18846,-0.910264253616333
1.415721,-8.238526,-0.934440016746521
1.069544,-8.510315,-0.9976494908332825
-3.037789,8.814227,-0.23005443811416626
-6.537244,5.76956,0.9999321103096008
-7.891436,3.492982,-0.4762631952762604
-9.615933,-2.938445,0.9029096961021423
-1.589586,-6.629157,0.5295920968055725
-8.572147,-5.137872,0.7052704095840454
-5.540048,-6.756205,-0.9866852760314941
3.859981,-1.388285,-0.27297452092170715
1.416483,-4.235205,0.0683220848441124
-6.566466,0.82315,-0.021262172609567642
3.531027,9.60031,0.2990676164627075
-8.533137,-2.388816,-0.1308804601430893
-7.734603,0.131795,-0.9870144724845886
8.03478,-2.427782,0.8298323154449463
-0.793442,-9.964125,0.7335485816001892
2.594314,-8.99396,-0.26533591747283936
6.10389,7.103026,0.8723188638687134
-1.121216,4.359282,0.26324713230133057
-1.607237,-0.664549,-0.9694119095802307
-9.096807,-1.161082,0.04160064086318016
-5.900607,-0.886666,0.10017522424459457
-9.764121,-2.758038,0.9381520748138428
-7.144889,6.763666,0.9611774682998657
-4.669399,4.256461,0.17207181453704834
8.877272,-7.947403,0.06430542469024658
-0.505728,0.614578,-0.30515554547309875
1.918402,-8.524976,-0.7139910459518433
-0.468165,0.492798,-0.3062988221645355
-4.846145,-4.918467,-0.1282026171684265
-2.259228,1.412621,-0.9716271758079529
-2.703401,4.157256,-0.9818735122680664
2.24082,-2.850842,0.9719462394714355
6.716298,5.667648,0.7860614061355591
4.674192,-8.833362,0.9577709436416626
-4.161855,5.442106,-0.6533593535423279
-7.697872,3.657081,-0.24798715114593506
2.965453,-9.270534,0.014549934305250645
1.90125,-8.498203,-0.7200068235397339
4.590195,4.853078,-0.14766551554203033
6.745574,8.984081,-0.17953935265541077
-6.69848,3.345835,0.6049615740776062
-1.773243,3.462704,-0.6217930316925049
4.964203,9.082785,0.9999991059303284
-2.875975,-4.725371,0.9453004002571106
6.802626,1.645568,0.8640404343605042
-6.486433,1.913572,0.39481014013290405
-0.130667,5.611869,0.996402382850647
4.202701,4.121137,-0.6951910257339478
-5.396144,-1.477878,0.40467020869255066
6.937974,-3.268998,-0.3762683868408203
-1.812502,3.530573,-0.6355230212211609
6.121691,2.388301,0.5635901093482971
9.122186,-7.67846,0.3846886157989502
1.7653,3.279772,0.32622650265693665
-2.170667,-3.210812,0.051085248589515686
-7.836484,1.614261,-0.8621323704719543
-1.872989,1.986487,-0.9460016489028931
-7.962397,-5.054802,0.14608751237392426
-0.420125,-1.43844,-0.76945960521698
2.387516,1.47246,0.2815203070640564
-1.00812,5.369423,0.644997775554657
0.701649,-6.034813,-0.9388556480407715
-9.258021,-6.506462,0.9448965787887573
7.629181,-5.775125,-0.4726395905017853
-5.511197,4.229678,0.8538076281547546
9.223931,9.733282,-0.24181842803955078
