999 3993
0 154 19
0 161 63
0 306 50
0 437 53
0 670 52
0 886 7
0 908 52
2 96 24
2 206 4
2 681 40
2 687 66
2 794 10
2 900 20
3 64 95
3 298 10
3 537 98
3 706 38
3 716 23
4 183 35
4 783 20
4 923 64
5 487 27
5 649 97
6 43 40
6 137 96
6 547 98
6 606 89
7 601 48
7 888 17
8 853 52
8 996 97
9 609 69
9 923 3
10 393 3
10 444 21
10 682 12
11 522 66
11 886 78
12 11 35
12 800 69
13 93 18
13 144 100
13 223 79
13 447 37
13 628 95
14 128 89
14 154 35
14 176 32
14 425 11
14 748 70
15 240 52
15 334 75
15 609 96
15 939 48
16 242 15
16 526 92
16 802 46
16 845 3
16 891 39
17 621 62
17 650 54
17 717 35
17 801 31
17 851 57
18 17 38
18 102 51
18 343 68
18 435 4
19 99 29
19 246 2
19 404 73
19 594 46
20 53 2
20 268 51
20 413 83
20 434 96
20 635 39
21 116 17
21 383 27
21 969 50
22 73 86
22 130 78
22 164 24
22 870 81
23 424 26
24 167 38
24 650 73
25 55 72
25 100 40
25 128 11
25 476 33
25 590 94
26 300 46
26 397 63
26 455 50
26 459 84
26 482 14
26 814 17
27 367 87
27 554 42
27 728 19
28 58 59
28 108 88
28 482 20
29 40 10
29 135 70
29 595 15
30 147 49
30 511 87
30 529 42
30 806 98
30 838 72
30 918 20
31 112 21
31 115 53
31 392 45
32 113 58
32 477 25
32 563 16
32 740 98
32 961 36
32 979 49
33 132 91
33 548 81
34 431 12
35 37 41
35 157 64
35 317 25
35 523 58
35 589 51
35 595 67
35 731 76
35 747 10
35 822 54
35 825 96
35 889 19
35 926 24
35 953 11
36 462 68
36 539 10
36 974 52
37 753 65
37 775 81
37 777 71
37 793 85
38 135 34
38 224 16
38 514 43
38 876 59
38 917 32
39 419 40
39 695 94
39 835 81
40 129 31
40 500 75
40 511 92
40 925 72
40 962 39
41 798 17
42 17 29
42 60 89
42 98 83
42 119 5
43 23 98
43 73 37
43 830 100
44 48 17
44 209 60
44 263 11
44 362 84
44 372 69
45 81 62
45 712 49
46 283 50
46 813 33
47 546 33
47 821 83
48 120 49
48 800 76
49 339 42
49 423 80
49 449 16
50 20 36
50 583 60
50 925 46
50 990 10
51 53 52
51 157 17
51 173 49
51 877 68
51 992 46
52 521 37
52 755 51
52 756 50
53 140 35
53 663 87
54 39 50
54 374 52
54 685 46
54 985 61
55 34 36
56 22 14
56 74 22
56 149 84
56 246 64
56 871 55
56 925 16
57 549 46
57 787 3
57 896 92
57 942 88
58 13 83
58 74 7
58 77 23
58 157 43
58 205 52
58 560 32
59 30 95
59 200 69
59 723 80
59 887 63
59 914 15
60 523 17
61 812 13
62 28 64
62 47 52
62 215 100
62 486 14
62 581 4
63 355 45
63 567 74
63 685 39
64 20 59
64 493 96
64 681 22
65 178 22
65 194 51
65 386 38
65 413 68
65 684 54
65 737 29
65 787 55
65 889 37
66 247 35
66 289 77
66 379 80
66 897 87
67 337 9
67 612 74
67 840 56
67 976 89
68 331 36
68 762 70
69 204 6
69 442 48
69 444 34
69 742 58
69 949 48
70 98 48
70 623 61
70 816 92
70 897 22
71 318 99
71 477 51
71 674 17
71 962 20
72 99 72
72 358 68
72 363 57
72 519 40
73 461 22
73 514 86
73 770 94
74 110 58
74 513 20
74 633 71
74 713 37
74 950 7
75 44 80
75 285 10
76 986 62
77 132 68
77 286 46
77 947 31
77 954 74
78 114 94
78 319 64
78 412 31
78 418 41
79 257 12
79 931 91
80 14 33
80 99 33
80 468 90
81 201 83
81 315 49
81 377 9
81 384 55
81 447 17
82 142 66
82 236 94
82 340 38
82 527 52
82 557 88
82 854 95
83 30 71
83 454 59
84 133 32
84 159 78
84 244 38
84 681 42
84 759 39
84 780 5
84 995 87
85 860 70
85 988 79
86 169 81
86 180 34
86 292 9
86 352 21
86 425 45
86 461 100
86 479 53
86 971 77
87 6 89
87 142 35
87 175 26
87 247 98
87 937 90
88 273 42
88 359 64
88 381 83
88 744 80
89 130 15
89 318 71
89 334 75
89 382 86
89 687 29
89 693 6
89 750 63
89 778 66
90 746 48
90 914 1
91 139 71
91 163 35
91 252 71
91 760 49
91 891 15
91 941 4
92 56 57
92 463 35
92 826 49
92 961 56
93 44 88
93 93 25
93 134 45
93 255 23
93 617 51
93 693 42
94 48 12
94 425 92
94 506 5
94 662 94
94 809 72
94 998 19
95 699 64
95 815 46
95 818 4
95 834 93
96 237 52
96 348 66
96 787 58
96 942 99
97 2 67
97 84 28
97 195 33
97 551 38
97 635 77
97 892 48
98 12 42
98 221 34
98 251 82
98 689 90
98 780 90
98 835 69
99 224 14
99 264 34
99 360 91
99 382 64
99 477 75
99 621 2
100 259 56
100 416 80
100 579 96
101 13 28
101 157 98
101 318 60
101 533 73
101 584 2
101 590 52
101 674 25
101 832 68
101 889 10
101 948 23
101 976 34
102 387 37
102 736 56
102 804 72
103 62 14
103 126 3
103 833 13
103 896 47
105 941 85
106 256 2
106 319 36
106 409 54
106 777 16
107 133 69
107 472 44
107 647 80
107 655 44
108 248 46
108 456 36
108 847 23
108 891 42
109 123 21
109 415 2
109 425 35
109 674 22
109 697 53
109 744 59
109 790 89
109 869 62
110 682 82
111 340 23
111 361 99
111 461 38
111 546 94
111 689 12
111 783 41
111 830 7
112 324 59
112 489 26
112 657 8
112 861 94
112 928 79
113 155 24
113 274 63
113 678 23
114 125 3
114 339 6
114 624 69
114 880 38
115 374 29
115 722 10
116 291 1
116 925 49
117 51 12
117 93 35
117 161 71
117 591 64
117 760 94
118 268 60
118 479 26
118 847 76
118 941 82
119 146 25
119 589 14
119 966 76
120 179 37
120 185 55
120 410 83
120 688 95
120 887 80
121 244 90
121 407 89
121 535 59
121 685 14
122 408 51
122 483 81
123 209 17
124 792 57
124 846 50
125 158 55
125 477 85
125 793 60
126 167 55
126 227 34
126 451 71
126 461 90
126 557 4
126 729 35
127 101 84
127 173 63
127 353 61
127 368 60
129 45 45
129 108 85
129 179 73
129 230 21
129 529 22
129 970 28
129 976 3
130 18 16
130 29 8
130 194 93
130 433 4
130 705 66
130 789 6
131 866 55
131 965 47
132 18 22
132 577 11
132 787 96
132 928 76
133 36 96
133 254 56
133 383 30
133 533 29
133 828 26
133 863 19
133 892 33
134 133 60
134 516 2
135 32 95
135 449 21
135 607 62
135 984 40
136 659 5
136 717 34
136 897 60
137 558 26
137 804 62
138 89 62
138 96 42
138 285 69
138 360 54
138 417 46
138 558 35
138 750 60
138 809 100
138 816 81
138 978 81
139 3 11
139 42 77
139 143 57
139 245 6
139 954 32
140 567 86
140 978 35
141 42 58
141 429 5
141 455 67
141 606 18
141 666 7
142 294 62
142 329 38
142 506 68
142 579 1
142 751 42
142 852 2
143 119 60
143 194 68
143 273 63
143 283 22
143 359 10
143 413 32
143 521 76
143 586 55
143 816 66
144 3 35
144 164 55
144 213 47
144 496 15
144 564 65
144 637 24
144 721 71
145 397 71
145 499 56
145 820 57
145 931 5
145 976 13
146 857 62
146 969 71
147 316 30
147 790 68
147 849 32
147 881 68
148 81 36
148 522 33
148 568 10
148 613 38
148 727 93
148 759 77
148 925 100
149 558 14
149 559 87
149 623 32
149 629 89
149 806 41
150 99 98
150 547 24
150 723 96
150 784 44
151 72 39
151 198 60
151 623 68
151 703 9
152 21 31
152 32 23
152 94 66
152 202 35
152 236 36
152 481 27
152 681 6
152 732 66
153 382 95
153 807 38
154 0 33
154 90 31
155 292 70
155 401 42
155 828 68
156 2 62
156 400 18
156 450 68
156 489 76
156 773 5
156 971 99
157 18 65
157 50 46
157 309 96
157 464 88
157 503 41
157 931 40
158 164 26
158 254 1
158 335 7
158 401 35
158 537 31
158 893 30
159 303 1
159 802 65
160 119 65
160 272 28
160 467 70
160 513 30
160 689 22
160 846 7
160 970 62
161 156 53
161 251 77
161 482 3
161 719 20
162 119 39
162 273 21
163 254 88
163 391 14
163 429 26
163 830 87
164 4 78
164 274 71
164 745 83
164 987 66
165 11 11
165 130 22
165 135 91
165 235 11
165 718 29
165 859 26
166 419 42
166 569 58
166 678 26
166 783 7
166 868 23
167 202 53
167 384 76
167 672 53
167 815 75
168 403 83
168 461 15
169 36 27
169 732 60
169 906 18
169 917 47
170 479 98
170 522 39
170 945 34
171 536 11
171 829 64
172 972 21
173 26 89
173 156 34
173 350 3
173 385 54
173 409 45
173 447 24
173 552 45
173 787 56
173 844 53
173 937 70
173 957 97
174 170 11
174 187 95
174 288 3
174 790 33
174 926 47
175 44 79
175 699 86
175 714 21
175 841 62
175 955 100
176 167 48
176 240 21
176 599 17
176 618 94
176 639 18
176 696 55
176 950 28
177 293 29
177 382 19
178 48 48
178 60 17
178 221 52
178 242 51
178 359 71
178 360 96
178 403 75
178 524 15
178 846 52
179 47 27
179 946 84
179 948 48
180 359 37
180 684 79
180 862 51
180 958 70
181 152 25
181 341 30
181 504 55
181 989 46
182 275 91
182 530 55
183 98 93
183 219 12
183 458 72
183 750 87
184 156 30
184 230 26
184 282 15
184 373 58
184 554 44
184 666 63
185 142 75
185 285 96
185 553 13
185 689 46
186 189 92
186 637 87
186 729 60
186 867 43
186 910 14
187 276 44
187 618 91
188 257 50
188 287 22
188 356 42
188 436 20
189 559 47
189 735 71
189 957 75
190 432 93
190 483 62
190 580 30
190 822 85
191 51 73
191 83 1
191 302 72
191 581 2
191 786 26
191 921 86
192 663 60
193 805 70
193 858 49
193 908 35
194 161 66
194 455 61
195 136 80
195 269 57
195 395 48
195 430 40
195 483 100
195 603 61
195 777 83
196 265 90
196 320 11
197 486 5
197 575 32
198 11 30
198 94 52
198 440 2
198 612 5
198 747 44
199 255 64
199 287 34
199 677 28
199 685 36
199 883 34
200 401 100
200 661 38
200 746 60
201 869 86
202 771 98
203 113 29
203 166 34
203 715 32
203 903 95
204 276 94
204 837 11
204 854 51
205 51 41
205 101 50
205 409 50
205 522 2
206 24 33
206 368 40
206 423 12
206 965 37
207 9 71
207 111 41
207 318 89
207 618 73
207 770 46
207 994 32
208 369 37
209 34 79
209 110 60
209 522 73
209 737 13
210 473 59
210 503 10
210 606 72
211 594 44
211 678 8
211 733 1
212 37 77
212 334 39
212 385 95
212 837 71
213 252 50
213 276 45
214 3 12
214 278 99
214 344 95
214 428 13
214 759 32
214 899 35
214 983 24
215 205 68
215 992 6
216 97 65
216 297 57
216 728 79
217 136 11
217 215 88
217 271 15
217 378 89
217 492 47
217 989 87
218 174 1
218 296 6
218 450 97
218 667 73
218 839 49
219 158 4
219 349 73
219 477 26
219 502 43
219 504 67
219 919 97
220 123 92
220 647 12
220 648 8
220 707 91
220 831 7
220 872 21
220 895 22
220 974 41
221 106 45
221 303 90
221 321 46
221 335 9
221 403 46
221 506 24
222 112 19
222 219 33
222 347 39
222 561 8
222 752 80
223 651 26
223 945 9
224 250 85
224 498 22
224 541 81
225 15 34
225 79 26
225 367 54
225 619 60
225 732 68
226 311 21
226 815 56
226 967 60
227 388 32
227 495 64
227 926 50
228 634 39
228 893 84
229 62 71
229 122 79
229 276 28
229 578 60
229 641 25
229 665 37
229 923 6
230 379 49
230 385 56
230 902 38
230 990 87
231 204 63
231 501 17
231 524 12
232 154 72
232 333 1
232 366 34
233 49 52
233 73 35
233 202 60
233 446 6
233 481 94
233 733 27
233 829 26
233 926 49
233 979 87
234 203 58
234 247 12
234 354 36
234 896 96
235 417 96
235 613 7
235 727 74
235 944 23
236 70 67
236 153 99
236 653 59
236 661 72
236 665 47
236 704 14
236 969 10
237 219 34
237 564 77
238 158 26
238 450 46
238 552 48
238 618 27
238 881 79
238 970 100
238 998 62
239 163 38
239 390 5
240 77 55
240 262 65
241 67 30
241 675 4
242 8 52
242 570 87
242 893 16
243 24 88
243 436 82
243 454 11
243 553 95
244 136 56
244 204 33
244 326 61
244 450 54
244 659 92
244 803 33
244 848 1
244 912 5
245 214 42
245 223 34
245 285 81
245 791 68
246 194 80
246 339 28
246 509 95
246 521 59
246 576 28
247 193 56
247 324 96
247 360 32
247 406 11
247 543 61
248 552 62
248 642 14
248 728 13
248 851 48
249 451 30
249 710 100
250 256 30
250 994 40
251 47 94
251 142 86
251 266 73
251 970 55
251 998 39
252 91 64
252 96 87
252 290 40
252 589 68
252 738 29
252 754 73
253 162 49
253 697 97
253 703 52
254 82 77
255 726 91
256 281 11
256 417 4
256 601 47
256 769 6
257 74 35
257 476 57
257 778 67
258 164 97
258 334 71
258 488 79
258 617 44
258 683 100
258 974 79
259 144 74
259 161 40
259 171 72
259 229 59
259 786 12
259 843 26
260 493 98
260 545 75
260 649 13
260 877 37
261 172 43
261 192 41
261 426 10
261 943 92
261 967 37
262 604 62
262 958 68
263 294 28
264 99 72
264 285 71
264 317 74
264 633 78
265 439 6
265 725 31
266 25 44
266 403 2
266 539 1
267 35 23
267 321 46
267 434 1
267 862 2
268 90 20
268 162 40
268 191 73
268 391 78
268 735 52
268 779 99
269 321 75
270 317 27
270 367 11
270 437 12
270 745 70
270 950 51
270 962 21
271 61 61
271 172 87
271 221 82
271 791 28
272 35 14
272 284 53
272 785 99
274 239 88
275 168 30
275 524 4
275 547 18
275 767 74
276 44 6
276 176 19
276 233 97
276 792 51
276 974 19
277 34 98
277 407 70
277 553 59
277 664 71
277 810 48
278 122 11
278 145 69
279 28 23
279 66 37
279 365 79
280 313 34
280 546 6
280 687 29
280 794 54
280 887 66
280 997 16
281 334 36
281 836 94
281 983 30
282 75 88
282 95 92
282 437 18
282 845 18
282 898 96
282 914 35
283 50 92
283 352 1
283 420 54
283 456 89
283 597 52
284 76 73
284 738 86
285 313 22
285 807 31
285 968 57
286 24 70
286 395 42
286 559 25
286 605 92
286 714 78
286 846 3
286 944 25
287 105 84
287 197 32
287 838 79
287 966 50
288 350 48
288 521 14
288 808 43
288 864 78
289 453 2
290 294 35
290 445 95
290 458 20
291 547 31
291 695 30
291 873 12
292 224 31
292 491 83
292 499 100
292 628 83
292 694 55
292 708 86
292 771 5
293 25 86
293 114 42
293 184 74
293 256 27
293 419 66
293 425 65
294 124 5
294 232 69
294 574 90
294 614 88
294 770 1
295 615 69
295 744 38
296 189 48
296 201 83
296 479 80
296 680 26
297 119 84
297 202 15
297 355 20
297 659 4
297 904 45
298 114 49
298 252 15
299 598 76
299 615 31
299 951 14
300 102 59
300 203 86
300 715 99
301 56 63
301 67 71
301 126 41
301 657 37
302 244 97
302 278 7
302 283 1
302 586 2
302 728 75
302 822 91
303 6 89
303 278 76
303 479 59
303 670 26
304 165 23
304 223 42
304 643 6
304 888 48
304 992 25
305 156 21
305 261 68
305 584 29
305 645 65
305 668 16
305 737 43
306 349 41
306 708 47
306 757 57
306 827 99
306 843 32
307 31 56
307 144 62
307 498 3
307 751 96
307 844 98
308 221 100
308 433 2
308 441 99
308 494 1
308 808 77
308 995 89
309 140 89
309 302 52
309 484 48
309 487 15
309 653 75
309 780 89
309 983 21
310 67 23
310 410 14
310 785 41
310 842 90
311 911 43
312 53 5
312 105 6
312 411 85
312 608 46
312 609 53
312 625 42
312 943 44
313 383 85
313 395 98
313 994 5
314 297 87
314 573 93
315 434 2
315 838 86
316 508 95
316 528 100
316 793 86
316 882 72
316 892 89
316 931 75
317 255 24
317 521 37
317 586 89
317 758 98
317 972 25
318 59 10
318 81 21
318 120 39
318 243 50
318 267 11
318 836 81
319 51 55
319 824 17
319 932 66
320 190 100
320 498 69
320 644 8
321 571 43
321 627 53
321 656 5
321 667 48
322 22 40
322 381 98
322 565 50
322 702 25
322 847 93
323 189 49
323 979 11
324 702 64
324 931 38
325 334 85
325 743 87
325 869 74
325 950 74
326 0 85
326 19 99
326 120 83
326 532 5
326 614 38
326 790 33
327 464 15
327 855 18
327 985 87
